50
100 0 4906
100 0 4906
100 0 4906
100 0 4906
100 0 4906
100 0 4906
100 0 4906
100 0 4906
100 0 4906
100 0 4906
100 0 4906
100 0 4906
100 0 4906
100 0 4906
100 0 4906
100 0 4906
1 4905 4906
100 0 4906
100 0 4906
100 0 4906
100 0 4906
100 0 4906
100 0 4906
100 0 4906
100 0 4906
100 0 4906
100 0 4906
100 0 4906
100 0 4906
100 0 4906
100 0 4906
100 0 4906
100 0 4906
100 0 4906
100 0 4906
100 0 4906
100 0 4906
100 0 4906
100 0 4906
100 0 4906
100 0 4906
100 0 4906
100 0 4906
100 0 4906
100 0 4906
100 0 4906
100 0 4906
100 0 4906
100 0 4906
100 0 4906