5 5 5 5 5 5 5 5 5 5 5 5 5 5 5 5 5 5 5 5 5 5 5 5 5 5 5 5 5 5 5
5 6 3 3 3 3 3 3 5 2 3 3 5 1 1 1 1 1 1 2 3 3 5 1 1 2 3 3 5 2 5
5 0 5 0 5 5 5 0 5 2 5 0 5 0 5 5 5 5 5 2 5 0 5 0 5 0 5 0 5 2 5
5 0 5 0 5 1 1 0 3 3 5 0 5 0 3 3 3 3 5 2 5 0 5 0 5 0 5 0 3 3 5
5 0 5 0 5 0 5 5 5 5 5 0 5 5 5 5 5 5 5 2 5 5 5 0 5 0 5 5 5 5 5
5 0 5 0 5 0 5 2 3 3 5 0 3 3 3 3 3 3 3 3 5 1 1 0 5 0 3 3 1 2 5
5 5 5 0 5 5 5 2 5 0 5 5 5 5 5 5 5 5 5 0 5 0 5 5 5 5 5 5 5 0 5
5 2 1 0 5 2 3 3 5 0 3 3 3 3 3 3 3 3 5 0 5 2 5 1 1 1 1 2 5 0 5
5 2 5 5 5 2 5 5 5 5 5 5 5 5 5 5 5 0 5 5 5 2 5 0 5 5 5 2 5 2 5
5 2 3 3 3 3 5 1 1 2 3 3 3 3 3 3 5 0 5 2 3 3 5 0 3 3 5 2 5 2 5
5 2 5 5 5 5 5 5 5 6 5 5 5 0 5 5 5 0 5 2 5 5 5 5 5 5 5 2 5 2 5
5 2 5 1 1 1 1 1 1 0 5 1 1 0 5 1 1 0 5 1 1 1 1 1 1 1 1 2 5 2 5
5 2 5 5 5 5 5 2 5 5 5 5 5 0 5 0 5 5 5 5 5 5 5 5 5 5 5 2 5 2 5
5 1 1 1 1 6 3 3 5 1 1 2 5 0 5 0 3 3 3 3 3 3 3 3 3 3 3 3 5 2 5
5 5 5 0 5 5 5 5 5 0 5 0 5 5 5 5 5 5 5 5 5 5 5 5 5 5 5 5 5 2 5
5 1 1 0 5 1 3 1 1 0 5 0 3 3 3 3 3 3 1 1 1 1 1 1 1 2 5 1 1 3 5
5 0 5 5 5 0 5 5 5 5 5 5 5 5 5 5 5 5 5 5 5 5 5 5 5 0 5 0 5 0 5
5 0 5 2 5 0 5 1 1 2 3 3 3 3 3 3 5 1 3 3 3 1 1 1 1 0 5 2 5 0 5
5 0 5 2 5 2 5 5 5 0 5 5 5 5 5 5 5 0 5 5 5 5 5 5 5 5 5 2 5 5 5
5 0 3 3 5 0 1 2 5 0 3 3 3 3 5 1 1 0 5 1 1 2 5 2 3 3 5 1 3 3 5
5 5 5 0 5 5 5 0 5 5 5 5 5 2 5 0 5 5 5 0 5 2 5 2 5 0 5 0 5 0 5
5 2 5 0 5 2 5 0 1 2 5 2 3 3 5 2 5 1 1 0 5 2 5 2 5 0 5 0 5 0 5
5 2 5 0 5 2 5 5 5 0 5 2 5 5 5 2 5 0 5 5 5 2 5 2 5 2 5 0 5 2 5
5 1 1 0 3 3 5 1 1 0 5 2 5 2 3 3 5 0 3 3 5 1 1 3 5 1 1 0 5 2 5
5 0 5 5 5 5 5 0 5 5 5 2 5 2 5 5 5 5 5 5 5 5 5 0 5 5 5 5 5 2 5
5 0 5 1 3 1 1 0 5 1 1 3 5 2 5 1 1 2 3 3 3 2 5 0 5 2 5 1 1 3 5
5 0 5 0 5 5 5 5 5 5 5 0 5 2 5 5 5 0 5 5 5 2 5 0 5 2 5 0 5 0 5
5 0 5 0 1 2 5 1 1 2 5 0 5 1 1 2 5 0 5 2 5 2 5 0 3 3 5 0 5 0 5
5 0 5 5 5 0 5 0 5 0 5 0 5 5 5 2 5 2 5 2 5 2 5 5 5 5 5 0 5 0 5
5 0 3 3 5 0 1 0 5 0 5 0 1 1 1 0 3 3 5 1 1 0 3 3 3 3 1 0 5 0 5
5 5 5 5 5 5 5 5 5 5 5 5 5 5 5 5 5 5 5 5 5 5 5 5 5 5 5 5 5 5 5
